Optimal values of K

                SSE             NMI
Dermatology:    5               0.0964441914400579
Vowels:         11              0.40747048854462
Glass:          5               0.31333035557573663
Ecoli:          5               0.5998140690068393
Yeast:          7               0.26363106896079064
Soybean:        11              0.6447242993657288