SSE and NMI values of the datasets for k = number of classes:

                    k     SSE                         NMI
Dermatology:        6     12834.514842539273          0.1867108800277518
Ecoli:              5     16.19773326017098           0.5998140690068393
Glass:              6     84.30427444185617           0.3472836223223655
Soybean:           15     2752.7012759124195          0.6476561464446289
Vowels:            11     2779.9085448063465          0.40747048854462
Yeast:              9     62.75836901694528           0.24345656644533756